86
1.5864199 1.6155871e+11 2.7354422e+11 8.8991627e+24 
1.6052796 5.1698788e+12 8.9049426e+12 9.004958e+24 
3.3248722 1.0339758e+13 1.2394729e+13 1.8651165e+25 
4.0314365 2.0679515e+13 1.2787193e+13 2.26147e+25 
5.8409874 4.1359031e+13 1.8087961e+13 3.2765536e+25 
9.0879507 8.2718061e+13 2.2711578e+13 5.0979664e+25 
13.678813 1.6543612e+14 2.9620977e+13 7.6732515e+25 
20.852799 3.3087225e+14 3.9661318e+13 1.1697562e+26 
31.584829 6.6174449e+14 5.2944721e+13 1.7717789e+26 
47.795437 1.323489e+15 6.943031e+13 2.6811273e+26 
72.206948 2.646978e+15 9.1659729e+13 4.0505125e+26 
109.55789 5.2939559e+15 1.2104409e+14 6.1457463e+26 
165.62895 1.0587912e+16 1.5962259e+14 9.2911019e+26 
251.22477 2.1175824e+16 2.1055318e+14 1.4092674e+27 
381.04277 4.2351647e+16 2.7791919e+14 2.1374928e+27 
577.55585 8.4703295e+16 3.6665786e+14 3.2398499e+27 
875.30907 1.6940659e+17 4.8376369e+14 4.9101222e+27 
1326.7558 3.3881318e+17 6.3837393e+14 7.4425511e+27 
2010.9319 6.7762636e+17 8.4239173e+14 1.1280494e+28 
3048.0792 1.3552527e+18 1.1115312e+15 1.7098458e+28 
4620.1548 2.7105054e+18 1.466654e+15 2.5917142e+28 
7002.9685 5.4210109e+18 1.935253e+15 3.9283721e+28 
10614.514 1.0842022e+19 2.5535917e+15 5.9542957e+28 
16088.604 2.1684043e+19 3.3694892e+15 9.0250248e+28 
24385.708 4.3368087e+19 4.4460559e+15 1.3679338e+29 
36961.83 8.6736174e+19 5.8665995e+15 2.0733985e+29 
56023.817 1.7347235e+20 7.7410207e+15 3.1426894e+29 
84916.416 3.469447e+20 1.0214317e+16 4.7634291e+29 
128709.63 6.9388939e+20 1.3477847e+16 7.2200157e+29 
195088.12 1.3877788e+21 1.7784074e+16 1.0943511e+30 
295699.92 2.7755576e+21 2.3466134e+16 1.6587289e+30 
448200.65 5.5511151e+21 3.0963588e+16 2.5141693e+30 
679351.98 1.110223e+22 4.085641e+16 3.8107812e+30 
1029718.9 2.220446e+22 5.3909849e+16 5.7760918e+30 
1560790.2 4.4408921e+22 7.1133577e+16 8.7549753e+30 
2365772.7 8.8817842e+22 9.3859741e+16 1.327018e+31 
3585956.1 1.7763568e+23 1.238459e+17 2.0114075e+31 
5435525.6 3.5527137e+23 1.6341078e+17 3.0487736e+31 
8239184.8 7.1054274e+23 2.1561328e+17 4.6211784e+31 
12489212 1.4210855e+24 2.8448848e+17 7.0046036e+31 
18932003 2.8421709e+24 3.7535864e+17 1.0617414e+32 
28699364 5.6843419e+24 4.9524293e+17 1.609384e+32 
43507760 1.1368684e+25 6.53397e+17 2.4395417e+32 
65960807 2.2737368e+25 8.6202284e+17 3.6980005e+32 
1.0000873e+08 4.5474735e+25 1.1372022e+18 5.6058192e+32 
1.5164676e+08 9.094947e+25 1.5001219e+18 8.4982397e+32 
2.2997755e+08 1.8189894e+26 1.9786811e+18 1.2883752e+33 
3.4882939e+08 3.6379788e+26 2.609593e+18 1.95338e+33 
5.2922467e+08 7.2759576e+26 3.4411279e+18 2.9619116e+33 
8.0315265e+08 1.4551915e+27 4.5366786e+18 4.4917081e+33 
1.219351e+09 2.910383e+27 5.9793722e+18 6.8127462e+33 
1.8521947e+09 5.8207661e+27 7.8779969e+18 1.0335387e+34 
2.8154215e+09 1.1641532e+28 1.037455e+19 1.5683923e+34 
4.2834413e+09 2.3283064e+28 1.3653738e+19 2.3809195e+34 
6.5246478e+09 4.6566129e+28 1.7954726e+19 3.616155e+34 
9.9539409e+09 9.3132257e+28 2.3585358e+19 5.4957487e+34 
1.5216411e+10 1.8626451e+29 3.0938765e+19 8.3592653e+34 
2.3322367e+10 3.7252903e+29 4.0511849e+19 1.2728525e+35 
3.5868443e+10 7.4505806e+29 5.2924235e+19 1.9408524e+35 
5.5405851e+10 1.4901161e+30 6.8935011e+19 2.9647014e+35 
8.6065232e+10 2.9802322e+30 8.9452798e+19 4.5389093e+35 
1.3463837e+11 5.9604645e+30 1.1553264e+20 6.9687329e+35 
2.1248971e+11 1.1920929e+31 1.4835157e+20 1.0736895e+36 
3.3900381e+11 2.3841858e+31 1.8915461e+20 1.6613147e+36 
5.4792429e+11 4.7683716e+31 2.3916657e+20 2.5835682e+36 
8.9921596e+11 9.5367432e+31 2.994728e+20 4.0413453e+36 
1.5016025e+12 1.9073486e+32 3.7088488e+20 6.3632199e+36 
2.5559267e+12 3.8146973e+32 4.5381935e+20 1.0090319e+37 
4.439382e+12 7.6293945e+32 5.4822314e+20 1.6118699e+37 
7.870296e+12 1.5258789e+33 6.5357133e+20 2.5937848e+37 
1.4231974e+13 3.0517578e+33 7.689419e+20 4.2029181e+37 
2.6210733e+13 6.1035156e+33 8.9314818e+20 6.8529582e+37 
4.9053779e+13 1.2207031e+34 1.0248941e+21 1.1233134e+38 
9.304659e+13 2.4414063e+34 1.1629175e+21 1.8489486e+38 
1.7837903e+14 4.8828125e+34 1.3060998e+21 3.0521253e+38 
3.4466077e+14 9.765625e+34 1.453535e+21 5.0460343e+38 
6.6940834e+14 1.953125e+35 1.6045657e+21 8.3435955e+38 
1.3036556e+15 3.90625e+35 1.7587953e+21 1.3777124e+39 
2.5398209e+15 7.8125e+35 1.9160892e+21 2.2681214e+39 
4.9394802e+15 1.5625e+36 2.0765711e+21 3.7164347e+39 
9.5709277e+15 3.125e+36 2.2406145e+21 6.0499667e+39 
1.8446104e+16 6.25e+36 2.4088285e+21 9.7670113e+39 
3.5318907e+16 1.25e+37 2.5820284e+21 1.5611125e+40 
6.7143017e+16 2.5e+37 2.7611856e+21 2.4671447e+40 
1.2674936e+17 5e+37 2.947353e+21 3.8519273e+40 
2.3781268e+17 1e+38 3.1415702e+21 5.9397464e+40 
