107
44.001985 150.46328 1.607447e+14 2.4683299e+25 
120.04851 616297.58 5.012217e+13 6.734227e+25 
169.23057 1232595.2 9.0799882e+12 9.4931389e+25 
169.23057 2465190.3 9.0799882e+12 9.4931389e+25 
169.23057 4930380.7 9.0799882e+12 9.4931389e+25 
169.23057 9860761.3 9.0799882e+12 9.4931389e+25 
169.23057 19721523 9.0799884e+12 9.4931389e+25 
169.23057 39443045 9.0799885e+12 9.4931389e+25 
2018.1319 1.5777218e+08 1.8194988e+13 1.1320889e+27 
2050.8394 3.1554436e+08 1.1924123e+12 1.1504365e+27 
4163.7761 6.3108872e+08 7.164056e+12 2.3357071e+27 
5359.2908 1.2621774e+09 2.5715004e+12 3.0063417e+27 
10084.64 5.0487098e+09 5.8029484e+12 5.6570682e+27 
15864.199 1.009742e+10 1.7170641e+11 8.8991627e+27 
15864.199 2.0194839e+10 1.7170701e+11 8.8991627e+27 
15864.199 4.0389678e+10 1.7170831e+11 8.8991627e+27 
15864.199 8.0779357e+10 1.7171081e+11 8.8991627e+27 
15864.199 1.6155871e+11 1.7171599e+11 8.8991627e+27 
15864.199 3.2311743e+11 1.7172617e+11 8.8991627e+27 
15864.199 6.4623485e+11 1.7174653e+11 8.8991627e+27 
15864.199 1.2924697e+12 1.7178734e+11 8.8991627e+27 
15864.199 2.5849394e+12 1.7186866e+11 8.8991627e+27 
15864.199 5.1698788e+12 1.720316e+11 8.8991627e+27 
15864.199 1.0339758e+13 1.7235758e+11 8.8991627e+27 
15864.199 2.0679515e+13 1.7300935e+11 8.8991627e+27 
15864.199 4.1359031e+13 1.7431287e+11 8.8991627e+27 
15864.199 8.2718061e+13 1.7691993e+11 8.8991627e+27 
15864.199 1.6543612e+14 1.8213405e+11 8.8991627e+27 
15864.199 3.3087225e+14 1.9256228e+11 8.8991627e+27 
15864.199 6.6174449e+14 2.1341884e+11 8.8991627e+27 
15864.199 1.323489e+15 2.5513197e+11 8.8991627e+27 
15864.199 2.646978e+15 3.3855802e+11 8.8991627e+27 
15864.199 5.2939559e+15 5.0541033e+11 8.8991627e+27 
15864.199 1.0587912e+16 8.3911494e+11 8.8991627e+27 
15864.199 2.1175824e+16 1.5065242e+12 8.8991627e+27 
15864.199 4.2351647e+16 2.8413425e+12 8.8991627e+27 
16052.796 8.4703295e+16 1.096094e+13 9.004958e+27 
33403.281 1.6940659e+17 1.2853477e+13 1.8737866e+28 
49740.005 3.3881318e+17 1.6837812e+13 2.7902096e+28 
82919.285 6.7762636e+17 2.1487381e+13 4.6514307e+28 
127128.93 1.3552527e+18 2.6447726e+13 7.1314097e+28 
182640.64 2.7105054e+18 3.6756579e+13 1.0245388e+29 
280069.92 5.4210109e+18 4.8483078e+13 1.571077e+29 
420061.31 1.0842022e+19 6.4332038e+13 2.3563711e+29 
641104.77 2.1684043e+19 8.4842756e+13 3.5963338e+29 
972468.57 4.3368087e+19 1.1144929e+14 5.4551482e+29 
1471742.6 8.6736174e+19 1.4726648e+14 8.2558696e+29 
2231375.4 1.7347235e+20 1.9465368e+14 1.2517096e+30 
3380286.8 3.469447e+20 2.5656921e+14 1.8962015e+30 
5122714.3 6.9388939e+20 3.3853333e+14 2.8736314e+30 
7767025.6 1.3877788e+21 4.467601e+14 4.3569805e+30 
11771666 2.7755576e+21 5.8943023e+14 6.6034176e+30 
17842425 5.5511151e+21 7.7779491e+14 1.0008861e+31 
27044440 1.110223e+22 1.0262848e+15 1.5170808e+31 
40990993 2.220446e+22 1.3541918e+15 2.299424e+31 
62131120 4.4408921e+22 1.7868841e+15 3.4852961e+31 
94174609 8.8817842e+22 2.3577953e+15 5.2827998e+31 
1.4274084e+08 1.7763568e+23 3.1111351e+15 8.007157e+31 
2.1635642e+08 3.5527137e+23 4.1051721e+15 1.2136672e+32 
3.2793523e+08 7.1054274e+23 5.4167977e+15 1.8395751e+32 
4.9705719e+08 1.4210855e+24 7.1474976e+15 2.788273e+32 
7.5339969e+08 2.8421709e+24 9.4311711e+15 4.2262357e+32 
1.1419435e+09 5.6843419e+24 1.2444481e+16 6.40578e+32 
1.7308691e+09 1.1368684e+25 1.6420548e+16 9.7093573e+32 
2.6235202e+09 2.2737368e+25 2.1666964e+16 1.4716656e+33 
3.9765403e+09 4.5474735e+25 2.8589591e+16 2.2306329e+33 
6.027364e+09 9.094947e+25 3.772395e+16 3.3810181e+33 
9.1358885e+09 1.8189894e+26 4.9776618e+16 5.1246873e+33 
1.3847648e+10 3.6379788e+26 6.5679882e+16 7.7676201e+33 
2.0989575e+10 7.2759576e+26 8.6663784e+16 1.1773607e+34 
3.1815188e+10 1.4551915e+27 1.1435119e+17 1.7845649e+34 
4.8224709e+10 2.910383e+27 1.5088316e+17 2.7049353e+34 
7.309882e+10 5.8207661e+27 1.9908427e+17 4.0999981e+34 
1.1080481e+11 1.1641532e+28 2.6268054e+17 6.2146038e+34 
1.679642e+11 2.3283064e+28 3.4658678e+17 9.4199205e+34 
2.5461732e+11 4.6566129e+28 4.5728503e+17 1.4278624e+35 
3.8599035e+11 9.3132257e+28 6.0332311e+17 2.164375e+35 
5.8517779e+11 1.8626451e+29 7.9597065e+17 3.2808623e+35 
8.8721615e+11 3.7252903e+29 1.0500819e+18 4.9734285e+35 
1.3452746e+12 7.4505806e+29 1.3852289e+18 7.5394582e+35 
2.0400705e+12 1.4901161e+30 1.8271884e+18 1.1429996e+36 
3.0942041e+12 2.9802322e+30 2.409888e+18 1.7329284e+36 
4.6940153e+12 5.9604645e+30 3.1779475e+18 2.6275623e+36 
7.122969e+12 1.1920929e+31 4.1899869e+18 3.9845137e+36 
1.0812773e+13 2.3841858e+31 5.5229115e+18 6.0431512e+36 
1.6421887e+13 4.7683716e+31 7.2774305e+18 9.1672338e+36 
2.4956596e+13 9.5367432e+31 9.5851055e+18 1.3910003e+37 
3.795864e+13 1.9073486e+32 1.2617254e+19 2.1113782e+37 
5.7797928e+13 3.8146973e+32 1.6596028e+19 3.2062791e+37 
8.813281e+13 7.6293945e+32 2.1807908e+19 4.8718467e+37 
1.3464109e+14 1.5258789e+33 2.861966e+19 7.4083416e+37 
2.0619498e+14 3.0517578e+33 3.749637e+19 1.1276739e+38 
3.1677655e+14 6.1035156e+33 4.9020475e+19 1.7187324e+38 
4.8865171e+14 1.2207031e+34 6.3909507e+19 2.6239435e+38 
7.577262e+14 2.4414063e+34 8.3028661e+19 4.0143825e+38 
1.1827634e+15 4.8828125e+34 1.0739226e+20 6.157985e+38 
1.861577e+15 9.765625e+34 1.3814632e+20 9.4774917e+38 
2.9600661e+15 1.953125e+35 1.7652383e+20 1.4645354e+39 
4.7653148e+15 3.90625e+35 2.2376643e+20 2.2740529e+39 
7.7844787e+15 7.8125e+35 2.8101315e+20 3.5509342e+39 
1.2931897e+16 1.5625e+36 3.4916795e+20 5.5801678e+39 
2.1887884e+16 3.125e+36 4.2877134e+20 8.8302312e+39 
3.7793982e+16 6.25e+36 5.1990907e+20 1.4075789e+40 
6.6610699e+16 1.25e+37 6.2218755e+20 2.2603342e+40 
1.1978293e+17 2.5e+37 7.3478739e+20 3.6555113e+40 
2.1948859e+17 5e+37 8.5658244e+20 5.9502291e+40 
4.0898616e+17 1e+38 9.8629232e+20 9.7396599e+40 
